State,Year,Month,Cum_Covid_Cases,Cum_Covid_Deaths,Covid_Death_Rate
AK,2020,1,0.0,0.0,
AK,2020,2,0.0,0.0,
AK,2020,3,128.0,6.0,4.6875
AK,2020,4,355.0,9.0,2.535211267605634
AK,2020,5,463.0,13.0,2.8077753779697625
AK,2020,6,908.0,17.0,1.8722466960352422
AK,2020,7,2993.0,33.0,1.1025726695623121
AK,2020,8,5290.0,52.0,0.9829867674858223
AK,2020,9,7891.0,69.0,0.8744138892409073
AK,2020,10,15398.0,116.0,0.7533445902065203
AK,2020,11,31793.0,205.0,0.6447960242820747
AK,2020,12,45771.0,281.0,0.6139258482445217
AK,2021,1,52762.0,308.0,0.5837534589287745
AK,2021,2,56212.0,323.0,0.5746104034725681
AK,2021,3,60538.0,340.0,0.5616307112887773
AK,2021,4,65409.0,341.0,0.5213349844822578
AK,2021,5,65409.0,341.0,0.5213349844822578
AL,2020,1,56.0,0.0,0.0
AL,2020,2,111.0,1.0,0.9009009009009009
AL,2020,3,3164.0,49.0,1.5486725663716814
AL,2020,4,9739.0,385.0,3.953177944347469
AL,2020,5,21539.0,863.0,4.006685547147035
AL,2020,6,46649.0,1339.0,2.8703723552487728
AL,2020,7,102433.0,2295.0,2.240488904942743
AL,2020,8,138286.0,3349.0,2.4217925169576096
AL,2020,9,164881.0,3961.0,2.402338656364287
AL,2020,10,199048.0,4550.0,2.285880792572646
AL,2020,11,262796.0,5341.0,2.0323749219927243
AL,2020,12,383107.0,7114.0,1.8569224785764813
AL,2021,1,474548.0,9460.0,1.9934758970641537
AL,2021,2,505826.0,10406.0,2.057229165760558
AL,2021,3,519181.0,10760.0,2.07249494877509
AL,2021,4,527922.0,10896.0,2.063941264050371
AL,2021,5,528597.0,10913.0,2.0645217434075485
AR,2020,1,0.0,0.0,
AR,2020,2,0.0,0.0,
AR,2020,3,560.0,8.0,1.4285714285714286
AR,2020,4,3255.0,61.0,1.8740399385560675
AR,2020,5,7253.0,133.0,1.833723976285675
AR,2020,6,20777.0,270.0,1.2995138855465178
AR,2020,7,41759.0,442.0,1.0584544649057688
AR,2020,8,61224.0,797.0,1.3017770808833138
AR,2020,9,83697.0,1369.0,1.635661971157867
AR,2020,10,112190.0,1925.0,1.7158392013548445
AR,2020,11,150277.0,2425.0,1.6136867251808327
AR,2020,12,225138.0,3676.0,1.6327763416215832
AR,2021,1,295268.0,4868.0,1.6486717151875585
AR,2021,2,319195.0,5417.0,1.697081721204906
AR,2021,3,330186.0,5616.0,1.7008595155457833
AR,2021,4,335289.0,5726.0,1.707780452087602
AS,2020,1,0.0,0.0,
AS,2020,2,0.0,0.0,
AS,2020,3,0.0,0.0,
AS,2020,4,0.0,0.0,
AS,2020,5,0.0,0.0,
AS,2020,6,0.0,0.0,
AS,2020,7,0.0,0.0,
AS,2020,8,0.0,0.0,
AS,2020,9,0.0,0.0,
AS,2020,10,0.0,0.0,
AS,2020,11,3.0,0.0,0.0
AS,2020,12,3.0,0.0,0.0
AS,2021,1,3.0,0.0,0.0
AS,2021,2,4.0,0.0,0.0
AS,2021,3,4.0,0.0,0.0
AS,2021,4,0.0,0.0,
AS,2021,5,0.0,0.0,
AZ,2020,1,1.0,0.0,0.0
AZ,2020,2,1.0,0.0,0.0
AZ,2020,3,1289.0,24.0,1.8619084561675718
AZ,2020,4,7648.0,320.0,4.184100418410042
AZ,2020,5,19936.0,906.0,4.54454253611557
AZ,2020,6,79215.0,1632.0,2.060215868206779
AZ,2020,7,174010.0,3694.0,2.1228665019251767
AZ,2020,8,201835.0,5030.0,2.492134664453638
AZ,2020,9,218507.0,5650.0,2.585729518962779
AZ,2020,10,245946.0,5979.0,2.431021443731551
AZ,2020,11,326817.0,6639.0,2.0314120746472795
AZ,2020,12,520207.0,8864.0,1.7039370865828412
AZ,2021,1,758404.0,13120.0,1.7299486817052652
AZ,2021,2,816782.0,15980.0,1.9564583940390459
AZ,2021,3,841811.0,16967.0,2.015535553705048
AZ,2021,4,862497.0,17324.0,2.0085866965334374
AZ,2021,5,863927.0,17344.0,2.007577029077688
CA,2020,1,3.0,0.0,0.0
CA,2020,2,12.0,0.0,0.0
CA,2020,3,8131.0,172.0,2.1153609642110442
CA,2020,4,48917.0,1982.0,4.051761146431711
CA,2020,5,110583.0,4213.0,3.809808017507212
CA,2020,6,222917.0,5980.0,2.6826128110462637
CA,2020,7,493588.0,9005.0,1.8243960550094411
CA,2020,8,704085.0,12933.0,1.8368520846204648
CA,2020,9,810625.0,15792.0,1.9481264456437934
CA,2020,10,922005.0,17626.0,1.911703298789052
CA,2020,11,1212968.0,19141.0,1.5780300881803973
CA,2020,12,2245379.0,25386.0,1.1305886445005497
CA,2021,1,3243348.0,40697.0,1.2547836371551866
CA,2021,2,3475562.0,51979.0,1.495556689824552
CA,2021,3,3568426.0,57936.0,1.6235729702675634
CA,2021,4,3638132.0,60467.0,1.662034252742891
CA,2021,5,3642480.0,60748.0,1.6677648195734773
CO,2020,1,0.0,0.0,
CO,2020,2,0.0,0.0,
CO,2020,3,2966.0,69.0,2.3263654753877274
CO,2020,4,15182.0,777.0,5.11790277960743
CO,2020,5,26378.0,1445.0,5.478049890059898
CO,2020,6,32715.0,1690.0,5.165826073666514
CO,2020,7,46809.0,1838.0,3.9265953128671836
CO,2020,8,57424.0,1945.0,3.3870855391473946
CO,2020,9,70536.0,2051.0,2.9077350572757172
CO,2020,10,107350.0,2285.0,2.1285514671634838
CO,2020,11,232905.0,3037.0,1.3039651359996565
CO,2020,12,334097.0,4814.0,1.4408989006186825
CO,2021,1,393421.0,5594.0,1.421886477844345
CO,2021,2,428303.0,5951.0,1.3894369173225496
CO,2021,3,462081.0,6107.0,1.3216297575533293
CO,2021,4,510966.0,6295.0,1.2319802100335444
CO,2021,5,513765.0,6304.0,1.2270201356651387
CT,2020,1,0.0,0.0,
CT,2020,2,0.0,0.0,
CT,2020,3,3128.0,69.0,2.2058823529411766
CT,2020,4,27700.0,2257.0,8.148014440433213
CT,2020,5,42201.0,3944.0,9.345750100708514
CT,2020,6,46514.0,4322.0,9.29182611686804
CT,2020,7,49810.0,4432.0,8.897811684400724
CT,2020,8,52879.0,4465.0,8.443805669547457
CT,2020,9,57550.0,4508.0,7.8331885317115555
CT,2020,10,71207.0,4616.0,6.48250874211805
CT,2020,11,117295.0,5020.0,4.27980732341532
CT,2020,12,185708.0,5995.0,3.2281861847631768
CT,2021,1,250023.0,7046.0,2.8181407310527433
CT,2021,2,279946.0,7622.0,2.7226679431033127
CT,2021,3,310888.0,7886.0,2.536604822315432
CT,2021,4,339233.0,8097.0,2.386855052427093
CT,2021,5,339233.0,8097.0,2.386855052427093
DC,2020,1,0.0,0.0,
DC,2020,2,0.0,0.0,
DC,2020,3,495.0,9.0,1.8181818181818181
DC,2020,4,4323.0,224.0,5.181586860976174
DC,2020,5,8801.0,466.0,5.294852857629815
DC,2020,6,10327.0,551.0,5.335528226977825
DC,2020,7,12126.0,585.0,4.824344383968333
DC,2020,8,13992.0,607.0,4.338193253287593
DC,2020,9,15326.0,627.0,4.091087041628605
DC,2020,10,17266.0,646.0,3.7414571991196572
DC,2020,11,21552.0,680.0,3.1551596139569416
DC,2020,12,28983.0,786.0,2.7119345823413727
DC,2021,1,36872.0,913.0,2.476133651551313
DC,2021,2,40598.0,1017.0,2.5050495098280705
DC,2021,3,44513.0,1064.0,2.3903129422865232
DC,2021,4,47697.0,1105.0,2.316707549741074
DC,2021,5,47800.0,1106.0,2.3138075313807533
DE,2020,1,0.0,0.0,
DE,2020,2,0.0,0.0,
DE,2020,3,319.0,10.0,3.134796238244514
DE,2020,4,4734.0,152.0,3.2108153781157585
DE,2020,5,9606.0,369.0,3.841349156777014
DE,2020,6,11510.0,509.0,4.422241529105126
DE,2020,7,14877.0,585.0,3.9322444041137325
DE,2020,8,17535.0,605.0,3.450242372398061
DE,2020,9,20613.0,636.0,3.085431523795663
DE,2020,10,25126.0,710.0,2.825758178778954
DE,2020,11,36343.0,777.0,2.1379632941694413
DE,2020,12,58064.0,930.0,1.6016809038302562
DE,2021,1,78071.0,1090.0,1.3961650292682302
DE,2021,2,86799.0,1422.0,1.638267721978364
DE,2021,3,94802.0,1559.0,1.6444800742600367
DE,2021,4,104405.0,1625.0,1.5564388678703127
DE,2021,5,104909.0,1626.0,1.5499146879676673
FL,2020,1,0.0,0.0,
FL,2020,2,0.0,0.0,
FL,2020,3,5489.0,71.0,1.2934960830752413
FL,2020,4,33690.0,1268.0,3.763728109231226
FL,2020,5,54764.0,2451.0,4.475567891315463
FL,2020,6,143805.0,3447.0,2.396995931991238
FL,2020,7,465030.0,6843.0,1.471517966582801
FL,2020,8,616629.0,11187.0,1.814218922561216
FL,2020,9,698051.0,14317.0,2.0509962739112186
FL,2020,10,791997.0,16761.0,2.1162958950602087
FL,2020,11,983370.0,18597.0,1.8911498215320786
FL,2020,12,1300528.0,21673.0,1.6664770001107243
FL,2021,1,1689700.0,26479.0,1.5670829141267681
FL,2021,2,1874154.0,30852.0,1.6461827576602563
FL,2021,3,2019500.0,33425.0,1.6551126516464472
FL,2021,4,2191695.0,35161.0,1.6042834427235542
FL,2021,5,2200795.0,35268.0,1.6025118195924655
FSM,2020,1,0.0,0.0,
FSM,2020,2,0.0,0.0,
FSM,2020,3,0.0,0.0,
FSM,2020,4,0.0,0.0,
FSM,2020,5,0.0,0.0,
FSM,2020,6,0.0,0.0,
FSM,2020,7,0.0,0.0,
FSM,2020,8,0.0,0.0,
FSM,2020,9,0.0,0.0,
FSM,2020,10,0.0,0.0,
FSM,2020,11,0.0,0.0,
FSM,2020,12,0.0,0.0,
FSM,2021,1,1.0,0.0,0.0
FSM,2021,2,1.0,0.0,0.0
FSM,2021,3,1.0,0.0,0.0
FSM,2021,4,1.0,0.0,0.0
FSM,2021,5,1.0,0.0,0.0
GA,2020,1,0.0,0.0,
GA,2020,2,2.0,0.0,0.0
GA,2020,3,4236.0,130.0,3.068932955618508
GA,2020,4,24704.0,1054.0,4.266515544041451
GA,2020,5,44145.0,1973.0,4.469362328689546
GA,2020,6,81677.0,2805.0,3.434259338614298
GA,2020,7,190734.0,3752.0,1.9671374794216028
GA,2020,8,280769.0,5633.0,2.0062756215964015
GA,2020,9,335717.0,7021.0,2.0913447933825218
GA,2020,10,386257.0,7955.0,2.0595096011204976
GA,2020,11,471563.0,9452.0,2.004398139803165
GA,2020,12,666452.0,10934.0,1.6406282823069027
GA,2021,1,909445.0,14198.0,1.5611719235357828
GA,2021,2,1006521.0,17295.0,1.7182949983159814
GA,2021,3,1057741.0,18987.0,1.7950519077921723
GA,2021,4,1100187.0,20190.0,1.8351425712174385
GA,2021,5,1102789.0,20212.0,1.832807545233041
GU,2020,1,0.0,0.0,
GU,2020,2,0.0,0.0,
GU,2020,3,71.0,2.0,2.816901408450704
GU,2020,4,146.0,5.0,3.4246575342465753
GU,2020,5,175.0,5.0,2.857142857142857
GU,2020,6,267.0,5.0,1.8726591760299625
GU,2020,7,356.0,5.0,1.404494382022472
GU,2020,8,1447.0,13.0,0.8984105044920525
GU,2020,9,2488.0,49.0,1.9694533762057878
GU,2020,10,4628.0,79.0,1.7070008643042351
GU,2020,11,6889.0,112.0,1.6257802293511394
GU,2020,12,7308.0,121.0,1.655719759168035
GU,2021,1,7608.0,129.0,1.695583596214511
GU,2021,2,7734.0,130.0,1.6808895784846134
GU,2021,3,7810.0,134.0,1.7157490396927018
GU,2021,4,7975.0,136.0,1.7053291536050157
GU,2021,5,7989.0,136.0,1.702340718487921
HI,2020,1,0.0,0.0,
HI,2020,2,0.0,0.0,
HI,2020,3,283.0,1.0,0.35335689045936397
HI,2020,4,607.0,16.0,2.6359143327841843
HI,2020,5,644.0,17.0,2.639751552795031
HI,2020,6,908.0,18.0,1.9823788546255507
HI,2020,7,2085.0,26.0,1.2470023980815348
HI,2020,8,8622.0,70.0,0.8118765947575969
HI,2020,9,12480.0,136.0,1.0897435897435896
HI,2020,10,14995.0,218.0,1.4538179393131043
HI,2020,11,17708.0,242.0,1.3666139597921843
HI,2020,12,20851.0,283.0,1.3572490528032228
HI,2021,1,25051.0,404.0,1.6127100714542333
HI,2021,2,26721.0,436.0,1.6316754612477078
HI,2021,3,28734.0,460.0,1.6008909306048584
HI,2021,4,31300.0,480.0,1.5335463258785942
HI,2021,5,31522.0,480.0,1.5227460186536388
IA,2020,1,0.0,0.0,
IA,2020,2,0.0,0.0,
IA,2020,3,497.0,7.0,1.408450704225352
IA,2020,4,7145.0,162.0,2.2673198040587823
IA,2020,5,19552.0,534.0,2.7311783960720133
IA,2020,6,28947.0,714.0,2.4665768473416936
IA,2020,7,44582.0,867.0,1.9447310573774168
IA,2020,8,64823.0,1116.0,1.7216111565339463
IA,2020,9,88830.0,1346.0,1.5152538556793875
IA,2020,10,127966.0,1716.0,1.3409811981307536
IA,2020,11,229448.0,2403.0,1.0472961193821695
IA,2020,12,278959.0,3822.0,1.3700938130693041
IA,2021,1,319247.0,4901.0,1.5351749585743955
IA,2021,2,336329.0,5471.0,1.626681017693984
IA,2021,3,350999.0,5743.0,1.636186997683754
IA,2021,4,364842.0,5950.0,1.630842940231662
IA,2021,5,365519.0,5959.0,1.6302846090080132
ID,2020,1,0.0,0.0,
ID,2020,2,0.0,0.0,
ID,2020,3,525.0,9.0,1.7142857142857142
ID,2020,4,2015.0,63.0,3.1265508684863526
ID,2020,5,2839.0,82.0,2.8883409651285663
ID,2020,6,6117.0,92.0,1.5040052313225438
ID,2020,7,20721.0,189.0,0.9121181410163602
ID,2020,8,32088.0,361.0,1.12503116429818
ID,2020,9,42048.0,469.0,1.1153919330289193
ID,2020,10,64608.0,629.0,0.9735636453689945
ID,2020,11,101698.0,929.0,0.9134889575016224
ID,2020,12,141077.0,1436.0,1.0178838506631132
ID,2021,1,162683.0,1725.0,1.0603443506697074
ID,2021,2,171140.0,1860.0,1.0868294963188032
ID,2021,3,180536.0,1962.0,1.0867638587317765
ID,2021,4,187656.0,2046.0,1.090292876326896
ID,2021,5,187776.0,2045.0,1.0890635650988412
IL,2020,1,2.0,0.0,0.0
IL,2020,2,2.0,0.0,0.0
IL,2020,3,5994.0,99.0,1.6516516516516517
IL,2020,4,52918.0,2355.0,4.45028156770853
IL,2020,5,120260.0,5390.0,4.481955762514552
IL,2020,6,144238.0,7124.0,4.9390590551727005
IL,2020,7,180118.0,7692.0,4.270533761200991
IL,2020,8,236725.0,8235.0,3.4787200337944872
IL,2020,9,295763.0,8916.0,3.0145758597255234
IL,2020,10,416559.0,10040.0,2.4102228015719263
IL,2020,11,726304.0,12985.0,1.7878188747411552
IL,2020,12,963389.0,17978.0,1.8661205390553557
IL,2021,1,1126301.0,21253.0,1.8869733756784377
IL,2021,2,1186696.0,22735.0,1.9158234290837755
IL,2021,3,1244585.0,23579.0,1.8945270913597705
IL,2021,4,1335055.0,24291.0,1.8194756021287513
IL,2021,5,1339728.0,24358.0,1.8181302473337873
IN,2020,1,0.0,0.0,
IN,2020,2,0.0,0.0,
IN,2020,3,2159.0,49.0,2.269569245020843
IN,2020,4,17835.0,1114.0,6.24614522007289
IN,2020,5,34574.0,2134.0,6.172268178399953
IN,2020,6,45594.0,2640.0,5.790235557310172
IN,2020,7,66154.0,2965.0,4.481966321008556
IN,2020,8,94196.0,3296.0,3.499087010064122
IN,2020,9,120019.0,3632.0,3.0261875203092843
IN,2020,10,179358.0,4332.0,2.415281169504566
IN,2020,11,338977.0,5722.0,1.6880201311593412
IN,2020,12,511485.0,8263.0,1.6154921454197093
IN,2021,1,626682.0,9974.0,1.59155680233356
IN,2021,2,661673.0,12573.0,1.900183323182297
IN,2021,3,686497.0,13039.0,1.899352801250406
IN,2021,4,720425.0,13332.0,1.85057431377312
IN,2021,5,722646.0,13349.0,1.8472391738140113
KS,2020,1,0.0,0.0,
KS,2020,2,0.0,0.0,
KS,2020,3,428.0,9.0,2.102803738317757
KS,2020,4,4238.0,129.0,3.0438886267107126
KS,2020,5,9719.0,208.0,2.1401378742669
KS,2020,6,14443.0,270.0,1.8694177110018695
KS,2020,7,27812.0,358.0,1.2872141521645333
KS,2020,8,42612.0,446.0,1.0466535248286868
KS,2020,9,58629.0,637.0,1.0864930324583397
KS,2020,10,85181.0,1029.0,1.2080158720841503
KS,2020,11,153021.0,1529.0,0.9992092588598951
KS,2020,12,222433.0,2741.0,1.2322811812995373
KS,2021,1,274685.0,3779.0,1.3757576860767788
KS,2021,2,293663.0,4735.0,1.6123924362279212
KS,2021,3,302372.0,4913.0,1.624819758443242
KS,2021,4,309130.0,4982.0,1.611619706919419
KS,2021,5,309130.0,4982.0,1.611619706919419
KY,2020,1,0.0,0.0,
KY,2020,2,0.0,0.0,
KY,2020,3,591.0,18.0,3.045685279187817
KY,2020,4,4708.0,240.0,5.097706032285472
KY,2020,5,9704.0,431.0,4.441467436108821
KY,2020,6,15624.0,565.0,3.616231438812084
KY,2020,7,30151.0,735.0,2.4377300918709164
KY,2020,8,48396.0,933.0,1.9278452764691296
KY,2020,9,68840.0,1174.0,1.705403834979663
KY,2020,10,107219.0,1485.0,1.385015715498186
KY,2020,11,179041.0,1908.0,1.0656776939360257
KY,2020,12,265262.0,2623.0,0.9888336814168633
KY,2021,1,362890.0,3745.0,1.0319931659731598
KY,2021,2,404622.0,4637.0,1.146007878958633
KY,2021,3,426876.0,6090.0,1.4266438028842099
KY,2021,4,444127.0,6501.0,1.4637704980782524
KY,2021,5,445139.0,6517.0,1.4640370760593882
LA,2020,1,0.0,0.0,
LA,2020,2,0.0,0.0,
LA,2020,3,5237.0,239.0,4.563681497040291
LA,2020,4,28044.0,1905.0,6.792896876337185
LA,2020,5,39916.0,2791.0,6.992183585529612
LA,2020,6,58095.0,3221.0,5.544366985110595
LA,2020,7,116280.0,3949.0,3.3961128310973514
LA,2020,8,148894.0,4950.0,3.324512740607412
LA,2020,9,167458.0,5511.0,3.290974453295752
LA,2020,10,186649.0,5919.0,3.171192987907784
LA,2020,11,232414.0,6420.0,2.762312081027821
LA,2020,12,315275.0,7488.0,2.3750693838712236
LA,2021,1,400626.0,8859.0,2.211289332195115
LA,2021,2,430100.0,9608.0,2.2338990932341316
LA,2021,3,444933.0,10141.0,2.279219567889997
LA,2021,4,458581.0,10382.0,2.26394028535853
LA,2021,5,458581.0,10382.0,2.26394028535853
MA,2020,1,0.0,0.0,
MA,2020,2,1.0,0.0,0.0
MA,2020,3,3240.0,35.0,1.0802469135802468
MA,2020,4,62205.0,3562.0,5.726227795193313
MA,2020,5,96965.0,6846.0,7.060279482287423
MA,2020,6,108882.0,8060.0,7.402509138333241
MA,2020,7,117612.0,8609.0,7.3198313097303
MA,2020,8,128202.0,9060.0,7.0669724341273925
MA,2020,9,139649.0,9450.0,6.766965749844252
MA,2020,10,164417.0,9974.0,6.066282683664098
MA,2020,11,228225.0,10720.0,4.697119071092124
MA,2020,12,369341.0,12365.0,3.347854692546996
MA,2021,1,508041.0,14495.0,2.8531161855047134
MA,2021,2,560198.0,16004.0,2.8568470433668094
MA,2021,3,605821.0,17016.0,2.808750439486251
MA,2021,4,655763.0,17467.0,2.663614751060978
MA,2021,5,657664.0,17478.0,2.6575880692876606
MD,2020,1,0.0,0.0,
MD,2020,2,0.0,0.0,
MD,2020,3,1660.0,18.0,1.0843373493975903
MD,2020,4,23472.0,1192.0,5.0783912747102935
MD,2020,5,53327.0,2552.0,4.78556828623399
MD,2020,6,67918.0,3205.0,4.718925763420596
MD,2020,7,89365.0,3506.0,3.9232361662843394
MD,2020,8,108863.0,3761.0,3.454800988398262
MD,2020,9,125510.0,3949.0,3.1463628396143735
MD,2020,10,146145.0,4152.0,2.841014061377399
MD,2020,11,201135.0,4673.0,2.3233151863176476
MD,2020,12,280219.0,5942.0,2.120484335466189
MD,2021,1,355636.0,7154.0,2.0116073738316707
MD,2021,2,382702.0,7879.0,2.0587820288370584
MD,2021,3,412928.0,8303.0,2.010762166769994
MD,2021,4,448340.0,8764.0,1.954766471874024
MD,2021,5,449509.0,8776.0,1.9523524556794192
ME,2020,1,0.0,0.0,
ME,2020,2,0.0,0.0,
ME,2020,3,303.0,5.0,1.6501650165016502
ME,2020,4,1123.0,55.0,4.897595725734639
ME,2020,5,2349.0,89.0,3.7888463175819496
ME,2020,6,3294.0,105.0,3.1876138433515484
ME,2020,7,3937.0,123.0,3.124206248412497
ME,2020,8,4548.0,132.0,2.9023746701846966
ME,2020,9,5431.0,142.0,2.614619775363653
ME,2020,10,6668.0,147.0,2.2045590881823633
ME,2020,11,11976.0,214.0,1.7869071476285905
ME,2020,12,24201.0,347.0,1.4338250485517128
ME,2021,1,39542.0,595.0,1.5047291487532244
ME,2021,2,44763.0,703.0,1.5704934879252954
ME,2021,3,50788.0,743.0,1.4629440025202805
ME,2021,4,61530.0,784.0,1.2741751990898749
ME,2021,5,62092.0,791.0,1.273916124460478
MI,2020,1,0.0,0.0,
MI,2020,2,0.0,0.0,
MI,2020,3,7615.0,259.0,3.4011818778726197
MI,2020,4,41379.0,3789.0,9.156818676140071
MI,2020,5,57397.0,5491.0,9.566702092443856
MI,2020,6,70728.0,6193.0,8.756079629001244
MI,2020,7,90574.0,6450.0,7.121248923532139
MI,2020,8,113025.0,6753.0,5.974784339747844
MI,2020,9,138014.0,7083.0,5.1320880490385035
MI,2020,10,197406.0,7699.0,3.9000840906558056
MI,2020,11,388942.0,9564.0,2.4589784595132436
MI,2020,12,528621.0,13018.0,2.4626339097387353
MI,2021,1,610138.0,15525.0,2.544506324798652
MI,2021,2,645550.0,16508.0,2.5571992874293237
MI,2021,3,746351.0,17119.0,2.2936929139238775
MI,2021,4,936467.0,18753.0,2.002526517218439
MI,2021,5,940175.0,18893.0,2.009519504347595
MN,2020,1,0.0,0.0,
MN,2020,2,0.0,0.0,
MN,2020,3,689.0,17.0,2.467343976777939
MN,2020,4,5136.0,343.0,6.678348909657321
MN,2020,5,25208.0,1060.0,4.205014281180578
MN,2020,6,36716.0,1482.0,4.036387406035516
MN,2020,7,55188.0,1646.0,2.9825324345872293
MN,2020,8,75864.0,1866.0,2.4596646630813033
MN,2020,9,99134.0,2089.0,2.1072487743861843
MN,2020,10,148472.0,2511.0,1.6912279756452395
MN,2020,11,318763.0,3652.0,1.1456787644739195
MN,2020,12,415302.0,5382.0,1.2959244116329804
MN,2021,1,461807.0,6268.0,1.3572769576901174
MN,2021,2,484594.0,6551.0,1.3518533040029386
MN,2021,3,519529.0,6926.0,1.3331305855881
MN,2021,4,575812.0,7237.0,1.2568338277076545
MN,2021,5,579235.0,7253.0,1.2521688088599618
MO,2020,1,0.0,0.0,
MO,2020,2,0.0,0.0,
MO,2020,3,2558.0,14.0,0.547302580140735
MO,2020,4,8700.0,329.0,3.781609195402299
MO,2020,5,14093.0,772.0,5.477896828212588
MO,2020,6,25360.0,1015.0,4.002365930599369
MO,2020,7,55735.0,1243.0,2.230196465416704
MO,2020,8,91039.0,1530.0,1.680598424850888
MO,2020,9,137252.0,2118.0,1.5431469122490018
MO,2020,10,202877.0,3026.0,1.4915441375808989
MO,2020,11,338119.0,3829.0,1.1324415368553675
MO,2020,12,449569.0,5519.0,1.227620231822034
MO,2021,1,526369.0,6748.0,1.281990390771493
MO,2021,2,551059.0,7920.0,1.4372326738153265
MO,2021,3,568091.0,8499.0,1.496063130730816
MO,2021,4,585673.0,8743.0,1.4928125421523615
MO,2021,5,586988.0,8745.0,1.4898089909844836
MP,2020,1,0.0,0.0,
MP,2020,2,0.0,0.0,
MP,2020,3,2.0,0.0,0.0
MP,2020,4,14.0,2.0,14.285714285714286
MP,2020,5,22.0,2.0,9.090909090909092
MP,2020,6,30.0,2.0,6.666666666666667
MP,2020,7,42.0,2.0,4.761904761904762
MP,2020,8,56.0,2.0,3.5714285714285716
MP,2020,9,70.0,2.0,2.857142857142857
MP,2020,10,92.0,2.0,2.1739130434782608
MP,2020,11,106.0,2.0,1.8867924528301887
MP,2020,12,122.0,2.0,1.639344262295082
MP,2021,1,132.0,2.0,1.5151515151515151
MP,2021,2,143.0,2.0,1.3986013986013985
MP,2021,3,159.0,2.0,1.2578616352201257
MP,2021,4,168.0,2.0,1.1904761904761905
MP,2021,5,168.0,2.0,1.1904761904761905
MS,2020,1,0.0,0.0,
MS,2020,2,0.0,0.0,
MS,2020,3,1073.0,22.0,2.050326188257223
MS,2020,4,7212.0,282.0,3.9101497504159735
MS,2020,5,15752.0,739.0,4.691467750126968
MS,2020,6,27900.0,1082.0,3.878136200716846
MS,2020,7,59881.0,1693.0,2.827274093619011
MS,2020,8,83584.0,2493.0,2.9826282542113325
MS,2020,9,98886.0,2979.0,3.0125599174807354
MS,2020,10,120500.0,3348.0,2.7784232365145227
MS,2020,11,154411.0,3836.0,2.4842789697625167
MS,2020,12,218386.0,4816.0,2.205269568562087
MS,2021,1,275706.0,6056.0,2.196542694029147
MS,2021,2,294994.0,6681.0,2.2647918262744327
MS,2021,3,305417.0,7048.0,2.307664602821716
MS,2021,4,312066.0,7199.0,2.306883800221748
MS,2021,5,312400.0,7207.0,2.306978233034571
MT,2020,1,0.0,0.0,
MT,2020,2,0.0,0.0,
MT,2020,3,203.0,5.0,2.4630541871921183
MT,2020,4,453.0,16.0,3.532008830022075
MT,2020,5,515.0,17.0,3.3009708737864076
MT,2020,6,1018.0,22.0,2.161100196463654
MT,2020,7,3965.0,60.0,1.5132408575031526
MT,2020,8,7493.0,105.0,1.4013078873615374
MT,2020,9,13393.0,181.0,1.3514522511759874
MT,2020,10,32801.0,375.0,1.143257827505259
MT,2020,11,62198.0,681.0,1.094890510948905
MT,2020,12,81555.0,961.0,1.178345901538839
MT,2021,1,93949.0,1233.0,1.3124141821626627
MT,2021,2,99954.0,1357.0,1.3576245072733457
MT,2021,3,104552.0,1437.0,1.3744356875047823
MT,2021,4,108817.0,1571.0,1.4437082441162685
MT,2021,5,109030.0,1574.0,1.4436393653122994
NC,2020,1,0.0,0.0,
NC,2020,2,0.0,0.0,
NC,2020,3,1498.0,8.0,0.5340453938584779
NC,2020,4,10509.0,378.0,3.596916928347131
NC,2020,5,28590.0,886.0,3.098985659321441
NC,2020,6,64737.0,1343.0,2.0745477856558074
NC,2020,7,123081.0,1924.0,1.5631982190589937
NC,2020,8,170084.0,2702.0,1.5886267961713036
NC,2020,9,210632.0,3532.0,1.6768582171749782
NC,2020,10,274635.0,4378.0,1.594115826460575
NC,2020,11,364512.0,5261.0,1.4432995347203932
NC,2020,12,539545.0,6748.0,1.2506834462371073
NC,2021,1,757526.0,9335.0,1.2323009375255767
NC,2021,2,858548.0,11212.0,1.3059258189408163
NC,2021,3,914132.0,12112.0,1.3249727610454507
NC,2021,4,969752.0,12651.0,1.3045603412006368
NC,2021,5,973193.0,12689.0,1.303852370495883
ND,2020,1,0.0,0.0,
ND,2020,2,0.0,0.0,
ND,2020,3,126.0,3.0,2.380952380952381
ND,2020,4,1067.0,19.0,1.780693533270853
ND,2020,5,2577.0,61.0,2.36709351959643
ND,2020,6,3576.0,87.0,2.4328859060402683
ND,2020,7,6602.0,103.0,1.5601332929415328
ND,2020,8,12000.0,145.0,1.2083333333333333
ND,2020,9,22218.0,256.0,1.152218921595103
ND,2020,10,45043.0,531.0,1.178873520857847
ND,2020,11,79655.0,954.0,1.197664930010671
ND,2020,12,92770.0,1309.0,1.4110164924005606
ND,2021,1,97683.0,1422.0,1.4557292466447591
ND,2021,2,99852.0,1445.0,1.4471417698193325
ND,2021,3,103299.0,1466.0,1.4191812118219924
ND,2021,4,107639.0,1494.0,1.3879727608023114
ND,2021,5,107763.0,1494.0,1.3863756576932713
NE,2020,1,0.0,0.0,
NE,2020,2,0.0,0.0,
NE,2020,3,177.0,3.0,1.694915254237288
NE,2020,4,4281.0,70.0,1.635131978509694
NE,2020,5,14101.0,170.0,1.205588256152046
NE,2020,6,19177.0,274.0,1.4287949105699536
NE,2020,7,26211.0,332.0,1.2666437755140971
NE,2020,8,34287.0,397.0,1.157873246419926
NE,2020,9,45564.0,478.0,1.0490738302168379
NE,2020,10,70732.0,652.0,0.921789289147769
NE,2020,11,128407.0,1018.0,0.7927916702360464
NE,2020,12,166798.0,1651.0,0.9898200218228036
NE,2021,1,190713.0,1921.0,1.0072727082055235
NE,2021,2,200882.0,2082.0,1.0364293465815753
NE,2021,3,209346.0,2180.0,1.0413382629713488
NE,2021,4,220032.0,2245.0,1.0203061372891216
NE,2021,5,220225.0,2245.0,1.019411965035759
NH,2020,1,0.0,0.0,
NH,2020,2,0.0,0.0,
NH,2020,3,367.0,3.0,0.8174386920980926
NH,2020,4,2146.0,72.0,3.3550792171481825
NH,2020,5,4651.0,245.0,5.267684368952914
NH,2020,6,5782.0,371.0,6.416464891041162
NH,2020,7,6583.0,415.0,6.3041166641348925
NH,2020,8,7275.0,432.0,5.938144329896907
NH,2020,9,8266.0,439.0,5.310912170336318
NH,2020,10,11084.0,483.0,4.357632623601588
NH,2020,11,20994.0,526.0,2.5054777555492045
NH,2020,12,44028.0,758.0,1.7216316889252294
NH,2021,1,65695.0,1057.0,1.608950452850293
NH,2021,2,75424.0,1170.0,1.5512303775986422
NH,2021,3,84176.0,1238.0,1.4707279984793766
NH,2021,4,94886.0,1303.0,1.3732268195518833
NH,2021,5,95377.0,1305.0,1.3682544009562054
NJ,2020,1,0.0,0.0,
NJ,2020,2,0.0,0.0,
NJ,2020,3,18696.0,267.0,1.4281129653401796
NJ,2020,4,118653.0,7228.0,6.091712809621333
NJ,2020,5,160807.0,11698.0,7.274558943329581
NJ,2020,6,172678.0,15035.0,8.706957458390763
NJ,2020,7,183964.0,15825.0,8.602226522580505
NJ,2020,8,195470.0,15953.0,8.16135468358316
NJ,2020,9,210588.0,16297.0,7.738807529393887
NJ,2020,10,249931.0,16350.0,6.541805538328578
NJ,2020,11,367783.0,16993.0,4.620387565493783
NJ,2020,12,527784.0,19042.0,3.6079153593136586
NJ,2021,1,696829.0,21491.0,3.0841138930785026
NJ,2021,2,789356.0,23252.0,2.9456924378860743
NJ,2021,3,908816.0,24561.0,2.7025272442386576
NJ,2021,4,997891.0,25554.0,2.5608007287369063
NJ,2021,5,1000010.0,25600.0,2.5599744002559977
NM,2020,1,0.0,0.0,
NM,2020,2,0.0,0.0,
NM,2020,3,315.0,5.0,1.5873015873015872
NM,2020,4,3411.0,123.0,3.6059806508355323
NM,2020,5,7689.0,356.0,4.629990896085316
NM,2020,6,11982.0,493.0,4.1145050909697884
NM,2020,7,20600.0,642.0,3.116504854368932
NM,2020,8,25352.0,779.0,3.072735878826128
NM,2020,9,29435.0,877.0,2.9794462374723967
NM,2020,10,45909.0,1007.0,2.1934696900389903
NM,2020,11,95417.0,1540.0,1.6139681608099186
NM,2020,12,142864.0,2477.0,1.733816776794714
NM,2021,1,174064.0,3283.0,1.8860878757238717
NM,2021,2,185132.0,3716.0,2.0072164725709225
NM,2021,3,191652.0,3937.0,2.054244150856761
NM,2021,4,197733.0,4067.0,2.0568139865374016
NM,2021,5,197733.0,4067.0,2.0568139865374016
NV,2020,1,0.0,0.0,
NV,2020,2,0.0,0.0,
NV,2020,3,1113.0,29.0,2.605570530098832
NV,2020,4,5007.0,252.0,5.032953864589574
NV,2020,5,8610.0,438.0,5.087108013937282
NV,2020,6,18684.0,536.0,2.8687647184757012
NV,2020,7,48312.0,856.0,1.7718165259148866
NV,2020,8,69484.0,1334.0,1.9198664440734559
NV,2020,9,80085.0,1642.0,2.0503215333707936
NV,2020,10,100763.0,1777.0,1.7635441580738962
NV,2020,11,152169.0,2144.0,1.408959774987021
NV,2020,12,224731.0,3125.0,1.3905513703049424
NV,2021,1,278308.0,4270.0,1.534271382784541
NV,2021,2,293754.0,4957.0,1.687466383436481
NV,2021,3,303762.0,5249.0,1.7279975770504539
NV,2021,4,315438.0,5464.0,1.7321945992556382
NV,2021,5,315438.0,5464.0,1.7321945992556382
NY,2020,1,0.0,0.0,
NY,2020,2,0.0,0.0,
NY,2020,3,32656.0,211.0,0.6461293483586478
NY,2020,4,134850.0,5170.0,3.8338895068594736
NY,2020,5,166909.0,8100.0,4.8529438196861765
NY,2020,6,178275.0,8680.0,4.868882344692189
NY,2020,7,189866.0,8841.0,4.656441911664015
NY,2020,8,200519.0,8952.0,4.464414843481166
NY,2020,9,214608.0,9041.0,4.212797286214866
NY,2020,10,242921.0,9259.0,3.811527204317453
NY,2020,11,336001.0,10002.0,2.9767768548307894
NY,2020,12,548154.0,12566.0,2.2924214727977903
NY,2021,1,811279.0,16220.0,1.9993121971602865
NY,2021,2,915323.0,17964.0,1.9625858849826783
NY,2021,3,1021976.0,18757.0,1.835365996853155
NY,2021,4,1119158.0,19409.0,1.734250213106639
NY,2021,5,1122872.0,19431.0,1.730473286358552
NYC,2020,1,0.0,0.0,
NYC,2020,2,0.0,0.0,
NYC,2020,3,33474.0,776.0,2.3182171237378264
NYC,2020,4,162212.0,17866.0,11.013981702956624
NYC,2020,5,205555.0,21607.0,10.511541923086279
NYC,2020,6,217019.0,23104.0,10.646072463701335
NYC,2020,7,226767.0,23536.0,10.378935206621774
NYC,2020,8,235264.0,23703.0,10.075064608269859
NYC,2020,9,245462.0,23829.0,9.707816281135166
NYC,2020,10,266628.0,24013.0,9.006180896229953
NYC,2020,11,321064.0,24288.0,7.564846884110334
NYC,2020,12,428005.0,25099.0,5.864183829628159
NYC,2021,1,614526.0,27226.0,4.430406524703593
NYC,2021,2,726556.0,29333.0,4.037266225865591
NYC,2021,3,851943.0,31265.0,3.669846456863898
NYC,2021,4,929394.0,32601.0,3.5077695788868875
NYC,2021,5,931747.0,32671.0,3.506423954142058
OH,2020,1,0.0,0.0,
OH,2020,2,0.0,0.0,
OH,2020,3,2199.0,55.0,2.501136880400182
OH,2020,4,18027.0,975.0,5.408553835912797
OH,2020,5,35513.0,2155.0,6.068200377326613
OH,2020,6,51789.0,2863.0,5.528200969317809
OH,2020,7,91159.0,3489.0,3.827378536403427
OH,2020,8,123157.0,4138.0,3.35993893972734
OH,2020,9,151802.0,4746.0,3.1264410218574197
OH,2020,10,215697.0,5301.0,2.4576141531871096
OH,2020,11,414432.0,6399.0,1.544041000694927
OH,2020,12,700380.0,8962.0,1.279591079128473
OH,2021,1,895792.0,11175.0,1.2474994195081002
OH,2021,2,967422.0,17297.0,1.787947762196849
OH,2021,3,1017566.0,18611.0,1.828972273051576
OH,2021,4,1072312.0,19284.0,1.7983571945478554
OH,2021,5,1075004.0,19284.0,1.793853790311478
OK,2020,1,0.0,0.0,
OK,2020,2,28.0,0.0,0.0
OK,2020,3,1654.0,31.0,1.8742442563482467
OK,2020,4,4439.0,240.0,5.40662311331381
OK,2020,5,7327.0,361.0,4.926982393885629
OK,2020,6,18969.0,433.0,2.2826717275554853
OK,2020,7,42546.0,661.0,1.5536125605227284
OK,2020,8,63163.0,1014.0,1.605370232572867
OK,2020,9,93820.0,1347.0,1.4357279897676403
OK,2020,10,133247.0,1906.0,1.430426200965125
OK,2020,11,219035.0,2870.0,1.3102928755678316
OK,2020,12,324684.0,4410.0,1.3582437077281295
OK,2021,1,408111.0,5986.0,1.4667578183386383
OK,2021,2,432261.0,6530.0,1.5106613828219524
OK,2021,3,441182.0,6671.0,1.512074382001079
OK,2021,4,448305.0,6812.0,1.5195012324198927
OK,2021,5,448872.0,6838.0,1.5233741467500757
OR,2020,1,0.0,0.0,
OR,2020,2,1.0,0.0,0.0
OR,2020,3,690.0,18.0,2.608695652173913
OR,2020,4,2510.0,103.0,4.103585657370518
OR,2020,5,4243.0,153.0,3.6059391939665333
OR,2020,6,8656.0,207.0,2.391404805914972
OR,2020,7,18493.0,322.0,1.7411993727356296
OR,2020,8,26713.0,459.0,1.7182645154044847
OR,2020,9,33509.0,559.0,1.668208540988988
OR,2020,10,44921.0,689.0,1.5338037888738008
OR,2020,11,75431.0,912.0,1.2090519812809057
OR,2020,12,113909.0,1477.0,1.2966490795283954
OR,2021,1,142416.0,1957.0,1.3741433546792494
OR,2021,2,155597.0,2208.0,1.419050495832182
OR,2021,3,165012.0,2383.0,1.4441373960681647
OR,2021,4,184812.0,2495.0,1.3500205614354046
OR,2021,5,186344.0,2501.0,1.3421414158760143
PA,2020,1,0.0,0.0,
PA,2020,2,0.0,0.0,
PA,2020,3,4843.0,63.0,1.3008465826966755
PA,2020,4,45763.0,2292.0,5.0084129099927885
PA,2020,5,72282.0,5567.0,7.701779142801804
PA,2020,6,87242.0,6687.0,7.664886178675409
PA,2020,7,111078.0,7176.0,6.460325176902717
PA,2020,8,132834.0,7671.0,5.774876914043092
PA,2020,9,158967.0,8142.0,5.121817735756478
PA,2020,10,208027.0,8812.0,4.235988597633961
PA,2020,11,361478.0,10383.0,2.872373975732963
PA,2020,12,640325.0,15978.0,2.495295357826104
PA,2021,1,843224.0,21602.0,2.5618341033936414
PA,2021,2,931642.0,24021.0,2.5783509116162646
PA,2021,3,1020300.0,25049.0,2.455062236597079
PA,2021,4,1151005.0,26218.0,2.277835456839892
PR,2020,1,0.0,0.0,
PR,2020,2,0.0,0.0,
PR,2020,3,174.0,7.0,4.022988505747127
PR,2020,4,1539.0,92.0,5.977907732293697
PR,2020,5,3718.0,133.0,3.5771920387305003
PR,2020,6,7465.0,153.0,2.0495646349631613
PR,2020,7,17872.0,225.0,1.258952551477171
PR,2020,8,33199.0,434.0,1.3072682912135907
PR,2020,9,48755.0,661.0,1.3557583837555123
PR,2020,10,66128.0,822.0,1.243043793854343
PR,2020,11,71455.0,1122.0,1.5702190189629837
PR,2020,12,77054.0,1521.0,1.9739403535183118
PR,2021,1,94238.0,1836.0,1.948258664233112
PR,2021,2,100297.0,2036.0,2.029970986171072
PR,2021,3,107470.0,2118.0,1.9707825439657578
PR,2021,4,131437.0,2303.0,1.7521702412562672
PR,2021,5,132578.0,2313.0,1.7446333479159437
PW,2020,1,0.0,0.0,
PW,2020,2,0.0,0.0,
PW,2020,3,0.0,0.0,
PW,2020,4,0.0,0.0,
PW,2020,5,0.0,0.0,
PW,2020,6,0.0,0.0,
PW,2020,7,0.0,0.0,
PW,2020,8,0.0,0.0,
PW,2020,9,0.0,0.0,
PW,2020,10,0.0,0.0,
PW,2020,11,0.0,0.0,
PW,2020,12,0.0,0.0,
PW,2021,1,0.0,0.0,
PW,2021,2,0.0,0.0,
PW,2021,3,0.0,0.0,
PW,2021,4,0.0,0.0,
PW,2021,5,0.0,0.0,
RI,2020,1,0.0,0.0,
RI,2020,2,0.0,0.0,
RI,2020,3,579.0,11.0,1.8998272884283247
RI,2020,4,9061.0,364.0,4.017216642754663
RI,2020,5,14946.0,827.0,5.533253044292787
RI,2020,6,16811.0,977.0,5.811670929748379
RI,2020,7,19097.0,1026.0,5.372571608105985
RI,2020,8,21909.0,1078.0,4.9203523666073306
RI,2020,9,24973.0,1125.0,4.504865254474833
RI,2020,10,33955.0,1216.0,3.5812104255632455
RI,2020,11,58166.0,1416.0,2.434411855723275
RI,2020,12,90579.0,1931.0,2.131840713631195
RI,2021,1,116112.0,2356.0,2.029075375499518
RI,2021,2,126548.0,2544.0,2.010304390428928
RI,2021,3,137978.0,2625.0,1.902477206511183
RI,2021,4,148186.0,2671.0,1.8024644703278312
RI,2021,5,148186.0,2671.0,1.8024644703278312
RMI,2020,1,0.0,0.0,
RMI,2020,2,0.0,0.0,
RMI,2020,3,0.0,0.0,
RMI,2020,4,0.0,0.0,
RMI,2020,5,0.0,0.0,
RMI,2020,6,0.0,0.0,
RMI,2020,7,0.0,0.0,
RMI,2020,8,0.0,0.0,
RMI,2020,9,0.0,0.0,
RMI,2020,10,2.0,0.0,0.0
RMI,2020,11,4.0,0.0,0.0
RMI,2020,12,4.0,0.0,0.0
RMI,2021,1,4.0,0.0,0.0
RMI,2021,2,4.0,0.0,0.0
RMI,2021,3,4.0,0.0,0.0
RMI,2021,4,4.0,0.0,0.0
RMI,2021,5,4.0,0.0,0.0
SC,2020,1,0.0,0.0,
SC,2020,2,0.0,0.0,
SC,2020,3,1132.0,30.0,2.65017667844523
SC,2020,4,6197.0,260.0,4.195578505728578
SC,2020,5,12392.0,516.0,4.163976759199484
SC,2020,6,37577.0,803.0,2.1369454719642333
SC,2020,7,91260.0,1846.0,2.022792022792023
SC,2020,8,123598.0,2901.0,2.347125358015502
SC,2020,9,149046.0,3510.0,2.3549776579042714
SC,2020,10,177971.0,4012.0,2.254299857842008
SC,2020,11,221260.0,4539.0,2.0514327036066167
SC,2020,12,322633.0,5663.0,1.7552451237164208
SC,2021,1,466047.0,7734.0,1.6594892789783005
SC,2021,2,523889.0,8794.0,1.6785998560763826
SC,2021,3,554125.0,9250.0,1.669298443491992
SC,2021,4,578366.0,9501.0,1.64273141920514
SC,2021,5,579994.0,9524.0,1.642085952613303
SD,2020,1,0.0,0.0,
SD,2020,2,0.0,0.0,
SD,2020,3,108.0,1.0,0.9259259259259259
SD,2020,4,2449.0,17.0,0.69416088199265
SD,2020,5,4993.0,62.0,1.2417384338073303
SD,2020,6,6764.0,91.0,1.345357776463631
SD,2020,7,8764.0,130.0,1.4833409402099498
SD,2020,8,13322.0,167.0,1.253565530701096
SD,2020,9,21997.0,223.0,1.0137746056280401
SD,2020,10,45992.0,425.0,0.924073751956862
SD,2020,11,80464.0,946.0,1.175681049910519
SD,2020,12,99164.0,1488.0,1.5005445524585534
SD,2021,1,108250.0,1778.0,1.6424942263279445
SD,2021,2,112427.0,1888.0,1.6793119090609907
SD,2021,3,117759.0,1935.0,1.6431865080376022
SD,2021,4,122660.0,1967.0,1.603619761943584
SD,2021,5,122660.0,1967.0,1.603619761943584
TN,2020,1,0.0,0.0,
TN,2020,2,0.0,0.0,
TN,2020,3,2239.0,23.0,1.0272443054935239
TN,2020,4,10735.0,199.0,1.8537494177922682
TN,2020,5,23159.0,366.0,1.5803791182693554
TN,2020,6,43509.0,604.0,1.3882185294996439
TN,2020,7,105959.0,1060.0,1.0003869421191216
TN,2020,8,152280.0,1725.0,1.1327817178881008
TN,2020,9,196139.0,2454.0,1.2511535186780804
TN,2020,10,260672.0,3353.0,1.28629081757918
TN,2020,11,374493.0,4602.0,1.2288614206407062
TN,2020,12,586802.0,6907.0,1.1770580195704854
TN,2021,1,722491.0,9461.0,1.3094972809349874
TN,2021,2,775004.0,11411.0,1.4723794973961424
TN,2021,3,810529.0,11894.0,1.467436698748595
TN,2021,4,847430.0,12197.0,1.439292920949223
TN,2021,5,849000.0,12204.0,1.4374558303886926
TX,2020,1,0.0,0.0,
TX,2020,2,0.0,0.0,
TX,2020,3,3266.0,101.0,3.0924678505817513
TX,2020,4,28087.0,991.0,3.52832271157475
TX,2020,5,64287.0,1916.0,2.9803848367477097
TX,2020,6,148723.0,3073.0,2.066257404705392
TX,2020,7,420946.0,9934.0,2.3599226504112165
TX,2020,8,612969.0,14755.0,2.4071364130975628
TX,2020,9,748967.0,16878.0,2.253503825936256
TX,2020,10,886820.0,19193.0,2.164249791389459
TX,2020,11,1278432.0,24191.0,1.8922398688393283
TX,2020,12,1756172.0,31165.0,1.7745983878572258
TX,2021,1,2360632.0,40951.0,1.734747304959011
TX,2021,2,2644024.0,45997.0,1.7396589440943047
TX,2021,3,2783305.0,47905.0,1.7211552452929162
TX,2021,4,2883227.0,49217.0,1.7070109290735693
TX,2021,5,2888020.0,49303.0,1.7071557676193378
UT,2020,1,0.0,0.0,
UT,2020,2,0.0,0.0,
UT,2020,3,934.0,5.0,0.5353319057815846
UT,2020,4,4753.0,46.0,0.9678098043341048
UT,2020,5,9688.0,112.0,1.1560693641618498
UT,2020,6,22263.0,171.0,0.7680905538337152
UT,2020,7,40797.0,307.0,0.7525063117386083
UT,2020,8,52792.0,408.0,0.7728443703591453
UT,2020,9,73042.0,459.0,0.6284055748747296
UT,2020,10,114656.0,604.0,0.526793190064192
UT,2020,11,195706.0,871.0,0.4450553381092046
UT,2020,12,276612.0,1269.0,0.45876534640579586
UT,2021,1,346624.0,1665.0,0.4803475812407681
UT,2021,2,371235.0,1935.0,0.5212331811386318
UT,2021,3,385641.0,2122.0,0.5502526961604186
UT,2021,4,397323.0,2202.0,0.5542090440271518
UT,2021,5,398012.0,2204.0,0.5537521481764369
VA,2020,1,0.0,0.0,
VA,2020,2,0.0,0.0,
VA,2020,3,1484.0,34.0,2.2911051212938007
VA,2020,4,16901.0,581.0,3.4376664102715817
VA,2020,5,45398.0,1392.0,3.0662143706771223
VA,2020,6,62787.0,1763.0,2.807906095210792
VA,2020,7,90801.0,2215.0,2.4394004471316397
VA,2020,8,121615.0,2612.0,2.1477613781194753
VA,2020,9,148721.0,3228.0,2.1705071913179714
VA,2020,10,182393.0,3655.0,2.0039146239164882
VA,2020,11,240064.0,4093.0,1.7049620101306318
VA,2020,12,354767.0,5081.0,1.432207617957702
VA,2021,1,507640.0,6474.0,1.2753132140887242
VA,2021,2,577174.0,8783.0,1.5217248178192364
VA,2021,3,620802.0,10269.0,1.6541505987416278
VA,2021,4,660553.0,10777.0,1.6315117787671845
VA,2021,5,661925.0,10807.0,1.6326623106847453
VI,2020,1,0.0,0.0,
VI,2020,2,0.0,0.0,
VI,2020,3,30.0,0.0,0.0
VI,2020,4,66.0,4.0,6.0606060606060606
VI,2020,5,69.0,6.0,8.695652173913043
VI,2020,6,90.0,6.0,6.666666666666667
VI,2020,7,421.0,8.0,1.9002375296912113
VI,2020,8,1139.0,15.0,1.3169446883230904
VI,2020,9,1318.0,20.0,1.5174506828528074
VI,2020,10,1378.0,21.0,1.5239477503628447
VI,2020,11,1550.0,23.0,1.4838709677419355
VI,2020,12,2036.0,23.0,1.1296660117878192
VI,2021,1,2421.0,24.0,0.9913258983890955
VI,2021,2,2646.0,25.0,0.9448223733938019
VI,2021,3,2907.0,26.0,0.8943928448572411
VI,2021,4,3125.0,27.0,0.864
VI,2021,5,3138.0,27.0,0.8604206500956023
VT,2020,1,0.0,0.0,
VT,2020,2,0.0,0.0,
VT,2020,3,293.0,13.0,4.436860068259386
VT,2020,4,866.0,49.0,5.658198614318707
VT,2020,5,981.0,55.0,5.606523955147808
VT,2020,6,1208.0,56.0,4.635761589403973
VT,2020,7,1414.0,57.0,4.0311173974540315
VT,2020,8,1629.0,58.0,3.560466543891958
VT,2020,9,1755.0,58.0,3.304843304843305
VT,2020,10,2157.0,58.0,2.688919796012981
VT,2020,11,4172.0,69.0,1.653883029721956
VT,2020,12,7412.0,136.0,1.834862385321101
VT,2021,1,11965.0,174.0,1.4542415378186377
VT,2021,2,15198.0,204.0,1.342281879194631
VT,2021,3,19523.0,227.0,1.162731137632536
VT,2021,4,22952.0,246.0,1.0718020216103172
VT,2021,5,23126.0,247.0,1.0680619216466316
WA,2020,1,1.0,0.0,0.0
WA,2020,2,7.0,1.0,14.285714285714286
WA,2020,3,4896.0,195.0,3.982843137254902
WA,2020,4,14327.0,814.0,5.681580233126265
WA,2020,5,21702.0,1118.0,5.151598930974104
WA,2020,6,32824.0,1332.0,4.058006336826712
WA,2020,7,55803.0,1564.0,2.802716699819006
WA,2020,8,74635.0,1915.0,2.5658203255845113
WA,2020,9,87522.0,2126.0,2.4291035396814515
WA,2020,10,107501.0,2366.0,2.200909758978986
WA,2020,11,165019.0,2774.0,1.6810185493791625
WA,2020,12,246752.0,3461.0,1.402622876410323
WA,2021,1,312800.0,4285.0,1.3698849104859334
WA,2021,2,340256.0,4956.0,1.456550362080316
WA,2021,3,364486.0,5247.0,1.4395614646378736
WA,2021,4,403040.0,5499.0,1.364380706629615
WA,2021,5,404709.0,5499.0,1.3587540677375596
WI,2020,1,0.0,0.0,
WI,2020,2,0.0,0.0,
WI,2020,3,1351.0,16.0,1.1843079200592155
WI,2020,4,6854.0,316.0,4.610446454625037
WI,2020,5,18403.0,592.0,3.216866815193175
WI,2020,6,31662.0,791.0,2.4982629019013327
WI,2020,7,56934.0,941.0,1.652790950925633
WI,2020,8,80568.0,1130.0,1.4025419521398073
WI,2020,9,129123.0,1337.0,1.0354468220224127
WI,2020,10,237870.0,2092.0,0.8794719804935469
WI,2020,11,411730.0,3494.0,0.8486143832122993
WI,2020,12,520438.0,5242.0,1.0072285267409375
WI,2021,1,592140.0,6434.0,1.0865673658256494
WI,2021,2,617367.0,7014.0,1.1361151470681135
WI,2021,3,636041.0,7315.0,1.1500830921277088
WI,2021,4,660450.0,7550.0,1.1431599666893784
WI,2021,5,661685.0,7569.0,1.1438977761321474
WV,2020,1,0.0,0.0,
WV,2020,2,0.0,0.0,
WV,2020,3,162.0,1.0,0.6172839506172839
WV,2020,4,1125.0,44.0,3.911111111111111
WV,2020,5,2010.0,75.0,3.7313432835820897
WV,2020,6,2870.0,93.0,3.240418118466899
WV,2020,7,6422.0,115.0,1.7907194020554345
WV,2020,8,10250.0,214.0,2.0878048780487806
WV,2020,9,15692.0,345.0,2.198572521029824
WV,2020,10,23990.0,451.0,1.8799499791579826
WV,2020,11,47842.0,735.0,1.536307010576481
WV,2020,12,85334.0,1338.0,1.567956500339841
WV,2021,1,121001.0,2024.0,1.6727134486491848
WV,2021,2,131855.0,2300.0,1.7443403738955672
WV,2021,3,141738.0,2676.0,1.8879905177157854
WV,2021,4,153128.0,2821.0,1.8422496212319106
WV,2021,5,153918.0,2686.0,1.7450850452838524
WY,2020,1,0.0,0.0,
WY,2020,2,0.0,0.0,
WY,2020,3,120.0,0.0,0.0
WY,2020,4,559.0,7.0,1.2522361359570662
WY,2020,5,903.0,17.0,1.8826135105204873
WY,2020,6,1487.0,20.0,1.3449899125756557
WY,2020,7,2726.0,26.0,0.9537784299339692
WY,2020,8,3842.0,37.0,0.9630400832899532
WY,2020,9,5948.0,50.0,0.8406186953597848
WY,2020,10,13298.0,87.0,0.6542337193562942
WY,2020,11,33305.0,215.0,0.6455487164089476
WY,2020,12,44409.0,438.0,0.9862865635344187
WY,2021,1,51912.0,596.0,1.1480967791647403
WY,2021,2,54394.0,671.0,1.2335919402875317
WY,2021,3,56310.0,700.0,1.2431184514295863
WY,2021,4,58142.0,707.0,1.2159884420900553
WY,2021,5,58142.0,707.0,1.2159884420900553
